rho:0.01,theta:0.01, lambda:1
n=2808 p=1
[0.136752, 0.363636, 0.195402, 0.139954, 0.0, 0.263158, 0.0909091, 0.285714, 0.0, 0.164179, 0.3, 0.0, 0.0333333, 0.0, 0.223684, 0.0, 0.0, 0.0, 0.0, 0.0, 0.09375, 0.0, 0.0, 0.0, 0.0, 0.0285714, 0.222222, 0.0, 0.0, 0.238095, 0.05, 0.222222, 0.0, 0.0, 0.0, 0.0, 0.0, 0.0, 0.0, 0.0, 0.125, 0.0, 0.0909091, 0.0, 0.0, 0.0, 0.0, 0.0, 0.0, 0.0, 0.0, 0.0, 0.0, 0.0, 0.5, 0.0, 0.0, 0.0, 0.0, 0.0, 0.0, 0.0, 0.0, 0.0, 0.0, 0.0, 0.0, 0.2, 0.333333, 0.0666667, 0.0, 0.0, 0.0, 0.166667, 0.0, 0.0, 0.0, 0.0, 0.0, 0.0, 0.0, 0.0, 0.0, 0.0, 0.0, 0.0, 0.0, 0.0, 0.0, 0.0, 0.0, 0.0, 0.0, 0.0, 0.0, 0.0, 0.0, 0.0, 0.0, 0.0, 0.0, 0.0, 0.0, 0.0, 0.0, 0.0, 0.0, 0.0, 0.0, 0.0, 0.0, 0.0, 0.0, 0.0, 0.0, 0.0, 0.0, 0.0, 0.0, 0.0, 0.0, 0.0, 0.0, 0.0, 0.0, 0.0, 0.0, 0.0, 0.0, 0.0, 0.0, 0.0, 0.0, 0.0, 0.0, 0.0, 0.0, 0.0, 0.0, 0.0, 0.0, 0.0, 0.0, 0.0, 0.0, 0.0, 0.0, 0.0, 0.0, 0.0, 0.0, 0.0, 0.0, 0.0, 0.0, 0.0, 0.0, 0.0, 0.0, 0.0, 0.0, 0.0, 0.0, 0.0, 0.0, 0.0, 0.0, 0.0, 0.0, 0.0, 0.0, 0.0, 0.0, 0.0, 0.0, 0.0, 0.0, 0.0, 0.0, 0.0, 0.0, 0.0, 0.0, 0.0, 0.0, 0.0, 0.0, 0.0, 0.0, 0.0, 0.0, 0.0, 0.0, 0.0, 0.0, 0.0, 0.0, 0.0, 0.0, 0.0, 0.0, 0.0, 0.0, 0.0, 0.0, 0.0, 0.0, 0.0, 0.0, 0.0, 0.0, 0.0, 0.0, 0.0, 0.0, 0.0, 0.0, 0.0, 0.0, 0.0, 0.0, 0.0, 0.0, 0.0, 0.0, 0.0, 0.0, 0.0, 0.0, 0.0, 0.0, 0.0, 0.0, 0.0, 0.0, 0.0, 0.0, 0.0, 0.0, 0.0, 0.0, 0.0, 0.0, 0.0, 0.0, 0.0, 0.0, 0.0, 0.0, 0.0, 0.0, 0.0, 0.0, 0.0, 0.0, 0.0, 0.0, 0.0, 0.0, 0.0, 0.0, 0.0, 0.0, 0.0, 0.0, 0.0, 0.0, 0.0, 0.0, 0.0, 0.0, 0.0, 0.0, 0.0, 0.0, 0.0, 0.0, 0.0, 0.0, 0.0, 0.0, 1.0, 0.0, 0.0, 0.0, 0.0, 0.0, 0.0, 0.0, 0.0, 0.0, 0.0, 0.0, 0.0, 0.0, 0.0, 0.0, 0.0, 0.0, 0.0, 0.0, 0.0, 0.0, 0.0, 0.0, 0.0, 0.0, 0.0, 0.0, 0.0, 0.0, 0.0, 0.0, 0.0, 0.0, 0.0, 0.0, 0.0, 0.0, 0.0, 0.0, 0.0, 0.0, 0.0, 0.0, 0.0, 0.0, 0.0, 0.0, 0.0, 0.0, 0.0, 0.0, 0.0, 0.0, 0.0, 0.0, 0.0, 0.0, 0.0, 0.0, 0.0, 0.0, 0.0, 0.0, 0.0, 0.0, 0.0, 0.0, 0.0, 0.0, 0.0, 0.0, 0.0, 0.0, 0.0, 0.0, 0.0, 0.0, 0.0, 0.0, 0.0, 0.0, 0.0, 0.0, 0.0, 0.0, 0.0, 0.0, 0.0, 0.0, 0.0, 0.0, 0.0, 0.0, 0.0, 0.0, 0.0, 0.0, 0.0, 0.0, 0.0, 0.0, 0.0, 0.0, 0.0, 0.0, 0.0, 0.0, 0.0, 0.0, 0.0, 0.0, 0.0, 0.0, 0.0, 0.0, 0.0, 0.0, 0.0, 0.0, 0.0, 0.0, 0.0, 0.0, 0.0, 0.0, 0.0, 0.0, 0.0, 0.0, 0.0, 0.0, 0.0, 0.0, 0.0, 0.0, 0.0, 0.0, 0.0, 0.0, 0.0, 0.0, 0.0, 0.0, 0.0, 0.0, 0.0, 0.0, 0.0, 0.0, 0.0, 0.0, 0.0, 0.0, 0.0, 0.0, 0.0, 0.0, 0.0, 0.0, 0.0, 0.0, 0.0, 0.0, 0.0, 0.0, 0.0, 0.0, 0.0, 0.0, 0.0, 0.0, 0.0, 0.0, 0.0, 0.0, 0.0, 0.0, 0.0, 0.0, 0.0, 0.0, 0.0, 0.0, 0.0833333, 0.0, 0.0, 0.0, 0.0, 0.0, 0.0, 0.0, 0.0, 0.0, 0.0, 0.0, 0.0, 0.0, 0.04, 0.0, 0.0, 0.0, 0.0]
<class 'list'>
Traceback (most recent call last):
  File "/Users/kurosuryou/kyoto-kurosuryo/ht_cv.py", line 177, in <module>
    main()
  File "/Users/kurosuryou/kyoto-kurosuryo/ht_cv.py", line 127, in main
    = dt_for_cv.main(rho, theta, lambd, INPUT_CSV[k], INPUT_TXT[k], 2)
  File "/Users/kurosuryou/kyoto-kurosuryo/dt_for_cv.py", line 196, in main
    ROCAUC_train_score, ROCAUC_test_score, BACC_train_score, BACC_test_score, max_depth = test_main(INPUT_CSV, INPUT_TXT, cv_times, rho_arg, theta_arg, lambda_arg)
  File "/Users/kurosuryou/kyoto-kurosuryo/dt_for_cv.py", line 93, in test_main
    new_D, new_x_df, new_y = dt_tools.constructing_DT_based_HP(x_train, y_train, D, K, w_p, b_p, c_p_A, c_p_B, CIDs_train, a_score_train, rho_arg, theta_arg, LAMBDA_arg)
  File "/Users/kurosuryou/kyoto-kurosuryo/dt_tools.py", line 529, in constructing_DT_based_HP
    x_a, x_b = pre_problem(x_df, y, D, K)
  File "/Users/kurosuryou/kyoto-kurosuryo/dt_tools.py", line 102, in pre_problem
    dist = to_c_for_calc_euclid(x_i, x_j, K)
  File "/Users/kurosuryou/kyoto-kurosuryo/dt_tools.py", line 124, in to_c_for_calc_euclid
    mpp_x = (x.__array_interface__[0] + np.arange(x.shape[0]) * x.strides[0]).astype(tp)
AttributeError: 'list' object has no attribute '__array_interface__'
